4294967278,53
4294967278,51
4294967278,50
4294967278,48
4294967278,47
4294967278,45
4294967278,44
4294967278,42
4294967278,41
4294967278,39
4294967278,38
4294967278,36
4294967278,35
4294967278,34
4294967278,33
4294967278,32
4294967278,31
4294967278,30
4294967278,29
4294967278,28
4294967278,27
4294967278,26
4294967278,25
4294967278,260
4294967279,277
4294967279,23
4294967279,21
4294967279,20
4294967279,19
4294967279,18
4294967279,17
4294967279,16
4294967279,15
4294967279,14
4294967279,13
4294967279,12
4294967279,11
4294967279,282
4294967279,10
4294967279,9
4294967279,8
4294967279,7
4294967279,6
4294967279,280
4294967279,5
4294967279,279
4294967279,4
4294967294,985
4294967278,180
20,5
4294967278,179
20,4
20,3
20,2
20,1
4294967279,292
4294967278,178
4294967278,177
4294967294,89
4294967278,176
19,4
19,3
19,2
19,1
4294967279,291
4294967278,175
4294967294,595
4294967278,173
4294967278,172
18,4
18,3
18,2
18,1
4294967279,290
4294967279,260
4294967278,171
0,7
0,5
4294967278,170
4294967294,9
4294967278,169
17,5
17,4
4294967278,168
17,3
17,2
17,1
4294967278,296
4294967278,55
4294967278,167
4294967294,7
4294967278,166
4294967294,6
16,4
4294967278,165
16,3
16,2
16,1
4294967278,295
4294967278,52
4294967294,389
4294967294,115
4294967294,988
4294967278,164
4294967278,163
15,4
4294967278,162
15,3
15,2
15,1
4294967278,294
4294967278,49
4294967278,161
4294967278,160
14,4
4294967278,159
14,3
14,2
14,1
4294967278,293
4294967278,46
4294967278,158
4294967278,157
13,4
4294967278,156
13,3
13,2
13,1
4294967278,292
4294967278,43
4294967294,473
4294967278,155
4294967278,154
12,4
4294967278,153
12,3
12,2
12,1
4294967278,291
4294967278,40
4294967294,394
4294967294,24
4294967278,152
11,4
11,3
11,2
11,1
4294967278,290
4294967278,37
10,4
10,3
10,2
10,1
4294967278,289
4294967294,1016
4294967294,437
4294967294,1020
4294967294,1018
4294967294,1019
9,5
9,4
9,3
9,2
9,1
4294967279,289
8,4
8,3
8,2
8,1
4294967279,288
4294967294,1038
4294967294,46
7,4
4294967279,287
7,3
7,2
7,1
4294967279,22
6,4
4294967279,135
6,3
6,2
6,1
4294967279,134
5,5
5,4
5,3
5,2
5,1
4294967278,288
4294967279,274
4294967294,120
4294967279,273
4,5
4294967278,287
4,4
4,3
4,2
4,1
4294967279,286
4294967294,187
4294967279,270
4294967279,285
4294967279,0
4294967278,286
3,5
4294967279,268
3,4
3,3
3,2
3,1
4294967278,285
4294967279,267
4294967279,266
4294967278,284
4294967278,0
4294967294,96
4294967294,95
4294967279,265
2,4
2,3
2,2
2,1
4294967279,264
4294967294,8
4294967294,45
4294967294,52
4294967294,415
4294967294,69
4294967279,263
4294967294,67
4294967294,68
4294967294,5
4294967294,471
4294967294,2
4294967294,91
4294967294,88
4294967294,85
4294967294,1035
4294967294,0
4294967294,83
4294967294,470
4294967294,1
4294967294,465
4294967294,419
4294967294,93
4294967294,94
4294967294,411
4294967294,25
4294967294,969
4294967294,29
4294967294,28
4294967294,1014
4294967294,27
4294967294,1015
4294967294,26
4294967294,106
4294967294,472
4294967279,284
4294967278,283
4294967279,283
4294967278,282
4294967293,131
4294967293,130
4294967293,129
4294967293,128
4294967293,127
4294967293,126
4294967293,125
4294967293,124
4294967293,123
4294967293,122
4294967293,121
